Show Lista adjacente:

{1: [22, 16, 47, 27, 28, 36, 20, 10, 38, 42, 15, 46, 41, 31, 3, 23, 5, 48, 30, 44, 35, 4, 13, 2, 7, 9, 19, 25, 33, 45, 49], 2: [4, 27, 32, 9, 35, 11, 12, 40, 37, 1, 42, 33, 26, 36, 6, 28, 18, 20, 7, 38, 25, 41, 30, 44, 16, 29, 15, 3, 5, 13, 19, 45, 46], 3: [1, 46, 19, 37, 2, 30, 42, 5, 9, 14, 10, 6, 40, 27, 7, 41, 43, 18, 12, 13, 15, 20, 22, 24, 26, 29, 32, 35, 39, 47], 4: [1, 2, 6, 8, 7, 32, 9, 11, 13, 17, 18, 19, 28, 29, 33, 34, 36, 42, 46, 48], 5: [1, 3, 33, 17, 40, 2, 22, 8, 9, 15, 16, 19, 20, 25, 29, 37, 41, 42, 43, 44, 48, 49], 6: [2, 3, 4, 17, 19, 20, 24, 25, 29, 31, 35, 39, 41, 42, 45, 47, 48], 7: [2, 3, 4, 46, 49, 31, 42, 24, 47, 23, 44, 28, 43, 27, 21, 32, 1, 16, 41, 8, 25, 29, 34, 39], 8: [4, 22, 36, 9, 24, 46, 39, 33, 43, 38, 5, 31, 19, 10, 40, 16, 15, 7, 44, 29, 35], 9: [2, 3, 8, 27, 25, 24, 46, 31, 16, 22, 21, 15, 12, 29, 48, 30, 1, 28, 38, 20, 5, 23, 42, 33, 34, 49, 19, 4, 43, 26, 35, 36, 39, 47], 10: [1, 3, 8, 15, 21, 42, 24, 33, 46, 27, 11, 29, 19, 22, 23, 31, 34, 35, 36, 39, 41, 44, 45, 47], 11: [2, 10, 44, 24, 22, 46, 30, 40, 41, 34, 42, 37, 26, 33, 4, 47, 43, 36, 29, 39, 35, 18, 49, 27, 25, 12, 19, 28, 31, 32], 12: [2, 3, 9, 22, 49, 11, 31, 42, 46, 30, 25, 13, 19, 18, 38, 17, 20, 32, 33, 47, 48], 13: [1, 12, 38, 31, 2, 45, 47, 35, 4, 14, 49, 41, 20, 42, 40, 37, 33, 27, 3, 29, 16, 25, 26, 32, 44], 14: [3, 13, 18, 47, 15, 20, 24, 28, 31, 35, 37, 39, 41, 44], 15: [1, 2, 8, 9, 10, 25, 36, 23, 40, 5, 3, 14, 42, 22, 19, 20, 31, 34, 35, 38, 39, 41, 47], 16: [1, 2, 7, 8, 9, 48, 49, 20, 24, 13, 5, 17, 18, 19, 23, 25, 26, 29, 33, 35, 36, 41, 42, 43, 47], 17: [5, 36, 4, 31, 35, 16, 37, 33, 46, 43, 24, 23, 28, 34, 29, 27, 32, 6, 40, 12, 49, 19, 22, 42, 47], 18: [2, 3, 11, 12, 14, 16, 22, 36, 40, 49, 4, 32, 29, 20, 24, 27, 33, 41, 42, 45, 47], 19: [3, 8, 9, 12, 10, 25, 4, 6, 30, 49, 26, 21, 11, 32, 16, 31, 35, 47, 1, 29, 36, 42, 20, 44, 27, 23, 15, 5, 38, 17, 2, 37, 41, 43, 45], 20: [1, 2, 9, 13, 16, 19, 31, 36, 37, 3, 34, 30, 5, 12, 27, 15, 26, 18, 33, 14, 25, 40, 6, 38, 22, 48, 39, 45, 23, 41, 43, 46], 21: [7, 9, 10, 19, 23, 24, 28, 29, 31, 32, 33, 34, 35, 38, 39, 45, 47], 22: [1, 5, 8, 9, 11, 12, 15, 18, 20, 3, 32, 17, 41, 35, 44, 24, 48, 42, 25, 40, 33, 10, 36, 28, 29, 31, 39, 49], 23: [1, 7, 9, 15, 17, 19, 21, 30, 26, 31, 42, 20, 47, 27, 10, 49, 46, 44, 41, 43, 16, 37, 40, 39, 38, 32, 24, 25, 29, 33, 34, 35, 36, 48], 24: [7, 8, 9, 10, 11, 16, 17, 21, 22, 42, 23, 47, 48, 49, 6, 14, 18, 26, 40, 28, 37, 29, 3, 32, 33, 34], 25: [2, 9, 11, 12, 15, 19, 20, 22, 38, 41, 28, 16, 44, 39, 32, 31, 13, 1, 45, 6, 48, 23, 42, 7, 26, 5, 29, 33, 34, 43], 26: [2, 11, 19, 20, 23, 24, 25, 27, 9, 3, 43, 45, 13, 16, 29, 31, 34, 41, 44, 47, 49], 27: [1, 2, 3, 7, 9, 10, 11, 13, 17, 19, 20, 23, 26, 30, 18, 36, 31, 28, 32, 35, 37, 39, 41, 42, 43, 47], 28: [1, 2, 7, 9, 17, 22, 24, 25, 27, 41, 35, 32, 40, 48, 38, 11, 14, 49, 21, 47, 4, 42, 29, 34, 36, 37, 43], 29: [2, 9, 10, 11, 13, 17, 18, 19, 24, 37, 35, 21, 25, 5, 4, 33, 23, 7, 22, 49, 34, 28, 3, 16, 26, 42, 36, 8, 6, 32, 41, 31, 43, 30, 45, 39, 47, 48], 30: [1, 2, 3, 9, 11, 12, 19, 20, 23, 27, 29, 32, 41, 34, 35, 39, 45, 47, 49], 31: [1, 7, 8, 9, 12, 13, 17, 19, 20, 23, 25, 27, 29, 39, 35, 6, 42, 14, 49, 22, 37, 26, 40, 36, 21, 38, 15, 44, 11, 10, 48, 34, 32, 41], 32: [2, 4, 7, 17, 18, 19, 22, 23, 25, 28, 29, 30, 24, 31, 34, 33, 27, 40, 13, 3, 43, 21, 11, 12, 47, 41, 39, 42, 45, 48, 49], 33: [2, 5, 8, 9, 10, 11, 13, 17, 20, 22, 29, 32, 25, 47, 12, 40, 44, 37, 1, 49, 46, 38, 4, 21, 36, 34, 18, 16, 48, 43, 45, 23, 41, 24, 35, 42], 34: [9, 11, 17, 20, 29, 31, 32, 33, 42, 4, 41, 15, 10, 49, 48, 28, 39, 7, 37, 30, 43, 45, 35, 23, 26, 25, 38, 21, 24], 35: [1, 2, 11, 13, 17, 19, 22, 28, 29, 31, 34, 37, 14, 15, 23, 27, 36, 21, 3, 16, 8, 33, 10, 9, 6, 43, 47, 46, 30, 41, 38, 44], 36: [1, 2, 8, 11, 15, 17, 18, 19, 20, 22, 27, 29, 31, 33, 35, 39, 48, 28, 23, 10, 4, 40, 16, 9, 44], 37: [2, 3, 11, 13, 17, 20, 23, 24, 29, 31, 33, 34, 35, 28, 45, 19, 44, 49, 5, 27, 14, 41, 42, 43], 38: [1, 2, 8, 9, 12, 13, 19, 20, 23, 25, 28, 31, 33, 34, 35, 21, 45, 15, 43, 47, 39, 41, 42, 49], 39: [8, 11, 20, 23, 25, 31, 34, 36, 43, 15, 14, 32, 45, 46, 7, 49, 38, 9, 48, 40, 10, 29, 44, 3, 22, 21, 30, 41, 27, 6], 40: [2, 3, 5, 8, 11, 13, 15, 17, 18, 20, 22, 23, 24, 28, 31, 32, 33, 36, 39, 48, 49], 41: [1, 2, 3, 7, 11, 13, 22, 23, 25, 28, 29, 30, 32, 33, 34, 35, 39, 5, 14, 10, 26, 31, 6, 47, 38, 37, 44, 19, 18, 27, 49, 15, 16, 20, 42], 42: [1, 2, 3, 7, 9, 10, 11, 12, 13, 15, 19, 22, 23, 24, 25, 28, 29, 31, 34, 44, 41, 4, 5, 32, 46, 27, 37, 45, 38, 43, 17, 33, 6, 18, 16, 47, 48, 49], 43: [3, 7, 8, 9, 11, 17, 23, 26, 29, 32, 33, 34, 35, 38, 39, 42, 45, 49, 47, 19, 27, 25, 16, 28, 37, 20, 5, 46, 48], 44: [1, 2, 7, 8, 11, 19, 22, 23, 25, 31, 33, 37, 39, 41, 42, 45, 26, 13, 36, 5, 10, 35, 14, 49], 45: [13, 20, 25, 26, 29, 33, 34, 37, 38, 39, 42, 43, 44, 21, 2, 30, 10, 46, 19, 18, 6, 1, 32, 48, 47, 49], 46: [1, 3, 7, 8, 9, 10, 11, 12, 17, 23, 33, 35, 39, 42, 45, 20, 4, 43, 2, 48], 47: [1, 7, 11, 13, 14, 19, 23, 24, 28, 32, 33, 35, 38, 41, 43, 6, 9, 45, 18, 26, 21, 3, 15, 16, 17, 29, 27, 10, 12, 48, 30, 42], 48: [1, 9, 16, 20, 22, 24, 25, 28, 31, 33, 34, 36, 39, 45, 47, 40, 4, 23, 12, 43, 6, 42, 29, 46, 5, 32], 49: [7, 9, 11, 12, 13, 16, 17, 18, 19, 23, 24, 28, 29, 31, 33, 34, 37, 39, 41, 43, 40, 44, 1, 30, 22, 26, 5, 42, 45, 38, 32]}





Criar Vertice (createVertice()) 
Tempo:  0.002623


Buscar Vertice (search()) 
Tempo:  2.873898


Criar Arestas (createEdge()) 
Tempo:  0.012159


Obter Arestas (getEdges()) 
Tempo:  2.085209


Remover Arestas (removeEdge()) 
Tempo:  0.00596


Remover Vertice (removeVertice()) 
Tempo:  0.014305


É Conexo (isConnected()) 
Tempo:  2.688646


Possui Ciclo: (hasCicle()) 
Tempo:  7.237196


Possui Floresta (hasForest()) 
Tempo:  7.304192


Floresta Geradora (getForestGeneratorGraph()) 
Tempo:  2.558231


É Arvore (isTree()) 
Tempo:  2.691031


Busca profundidade (depthSearch()) 
Tempo:  4.189968


Busca profundidade Recursivo (depthSearch()) 
Tempo:  2.253771


Busca Largura (breadthStartSearch()) 
Tempo:  2.249956
